train_loss: 0.4482758343219757
val_loss: 0.5013493895530701
