train_loss: 0.27796700596809387
val_loss: 0.44980570673942566
