train_loss: 0.21306124329566956
val_loss: 0.5113828778266907
